0.044571757
0.043358095
0.044141445
0.04360516
0.045933302
0.04440238
0.04627605
0.045542993
0.039582707
0.039361164
0.040906046
0.041108992
0.043267973
0.043022197
0.043948963
0.043885887
0.038515173
0.038516704
0.038070887
0.03773934
0.039470714
0.039731763
0.039639927
0.04026159
0.04258297
0.04386874
0.04259809
0.042979684
0.044326205
0.04453222
0.045044903
0.044819158
0.034697
0.03489404
0.03562931
0.035198387
0.036263954
0.03744835
0.037980888
0.039482396
0.038701843
0.03951473
0.037089176
0.03749208
0.040863663
0.04101054
0.041317355
0.041378476
0.037728887
0.0380093
0.0376391
0.03786029
0.040655494
0.040333793
0.03937927
0.04045857
0.036824692
0.037333824
0.036864262
0.03738193
0.038361352
0.039199032
0.038558573
0.040284608
0.036281772
0.037386686
0.037054166
0.036891
0.03835857
0.0388226
0.039166115
0.039382063
0.035299283
0.03556386
0.035925865
0.035777487
0.038391262
0.038689822
0.039702456
0.03943111
0.03179964
0.032516222
0.031831276
0.03251898
0.03279994
0.03424818
0.033136573
0.03407521
0.030290691
0.030695396
0.029940387
0.03128984
0.031772714
0.03264127
0.032207686
0.033133436
0.032618463
0.032413386
0.032205082
0.03273012
0.034630395
0.034673125
0.03513386
0.035416923
0.030511683
0.031135442
0.029589174
0.03063088
0.03143181
0.031771023
0.032930527
0.03436573
0.028853199
0.027621482
0.028104922
0.026800161
0.028673502
0.027310142
0.02924637
0.027821243
0.03417109
0.03474822
0.033974886
0.034835614
0.035533912
0.036440603
0.035705898
0.03710823
0.038316377
0.037097864
0.03756288
0.037532665
0.039701253
0.040220264
0.040749792
0.040403284
0.04397602
0.03820372
0.037093863
0.03775277
0.043221988
0.039515663
0.04316559
0.038752504
0.041131917
0.040695935
0.03917856
0.039511234
0.04101453
0.040918816
0.042687647
0.041786715
0.049505483
0.04136781
0.049677487
0.039416134
0.060226087
0.04254455
0.052369233
0.043097507
0.037449084
0.035651762
0.03811239
0.040373657
0.054366857
0.055101212
0.04486984
0.051644415
0.041982688
0.041369453
0.042500716
0.042380534
0.044159446
0.044559706
0.044844557
0.044518117
0.037282985
0.03746996
0.03771712
0.03785957
0.038538273
0.03784231
0.041137222
0.039253287
0.038142372
0.03725842
0.03662407
0.036032964
0.039202
0.0385052
0.04048855
0.039634097
0.037965816
0.041060235
0.03854718
0.04182184
0.03864268
0.041176748
0.039114594
0.040919535
0.036603082
0.0378766
0.03753811
0.037565455
0.039418362
0.038231917
0.040889353
0.038921244
0.034962036
0.037153006
0.034590807
0.035735607
0.035575297
0.036447465
0.035853248
0.036782626
0.03507383
0.03575075
0.034280438
0.035108075
0.03631916
0.037962414
0.039220482
0.037387304
0.038947742
0.038421303
0.03861085
0.038005006
0.040026627
0.039470386
0.04066671
0.0409398
0.03894223
0.038925193
0.038116015
0.038456354
0.03973161
0.039842494
0.04122316
0.042068888
0.048360523
0.043087434
0.043544307
0.04314942
0.04398216
0.04405673
0.047007434
0.046422403
0.038277823
0.040662907
0.039085776
0.040164355
0.041600496
0.041945666
0.04620763
0.044472583
0.039853495
0.040236544
0.038388614
0.038318202
0.0415989
0.040542822
0.043845333
0.042515453
0.033237573
0.03358514
0.03330296
0.033547647
0.03581089
0.035003785
0.036845837
0.036982533
0.03172261
0.03223408
0.031718735
0.032206528
0.03292135
0.033531442
0.033611804
0.033599004
0.029563
0.02995508
0.02952875
0.02990157
0.031692605
0.03161501
0.03149341
0.032498825
0.033245303
0.033387713
0.033236217
0.033244994
0.033546783
0.03496993
0.034796644
0.035017498
0.029557917
0.029972265
0.029753128
0.029813595
0.031831224
0.031832695
0.03281723
0.032968868
0.028349342
0.028174529
0.026641715
0.02752505
0.02901154
0.028580545
0.030769935
0.0314545
0.033515286
0.03273455
0.03267389
0.03257147
0.034402415
0.034509324
0.034613967
0.03541764
0.027771004
0.027778681
0.02858395
0.028110733
0.02972469
0.029286982
0.030439755
0.030299643
0.028452115
0.029052412
0.028317722
0.029219376
0.030037362
0.030556507
0.030528687
0.030905172
0.028518932
0.028657118
0.027788108
0.028162668
0.029264849
0.029584514
0.030454015
0.030818228
0.03196122
0.03258987
0.03203622
0.031723514
0.032785315
0.032737326
0.03507695
0.03401262
0.029434105
0.028995533
0.029505596
0.028721312
0.030499352
0.030041516
0.031071858
0.03012812
0.032439567
0.031521164
0.031547878
0.03115481
0.033108994
0.032187916
0.03421995
0.03324285
0.030296832
0.029979164
0.030128164
0.029794972
0.03119133
0.030558404
0.031501107
0.031238485
0.03161818
0.03253484
0.03188372
0.032646425
0.033817567
0.033901818
0.03389341
0.033836722
0.029646501
0.028750952
0.029518658
0.028792845
0.030360874
0.029837383
0.032411143
0.030959934
0.03670124
0.0360606
0.036075503
0.0363372
0.03837317
0.037894845
0.03941254
0.040162925
0.025831534
0.025899645
0.02490573
0.025389219
0.025765527
0.026332013
0.027757943
0.027864095
0.02991441
0.031286836
0.030978967
0.031392306
0.030840486
0.03212264
0.031907473
0.03273461
0.027331641
0.026719656
0.027036471
0.02700183
0.02858729
0.02825138
0.029663015
0.029287936
0.031528477
0.032100968
0.031593077
0.03234996
0.032746207
0.033483934
0.033656243
0.033102192
0.03044967
0.030216629
0.03040051
0.030149547
0.03189528
0.031851977
0.032875307
0.0326584
0.029479459
0.029379569
0.029435249
0.02959692
0.031348057
0.03130097
0.03192283
0.032032017
0.030593986
0.030388892
0.030453185
0.030172406
0.031811625
0.031702597
0.03256348
0.032396324
0.028594501
0.02744957
0.034876104
0.030712765
0.028712843
0.029167652
0.029255021
0.028728368
0.03206366
0.031920817
0.032125577
0.031756524
0.033545457
0.033707872
0.03409619
0.03438131
0.029927898
0.029767577
0.029812505
0.029839763
0.0315727
0.031388834
0.031956766
0.03197891
0.020435069
0.020489486
0.020521548
0.020462386
0.02180835
0.021626253
0.021973789
0.022075014
0.021541981
0.021459213
0.021401154
0.021595372
0.022473263
0.022668334
0.02263118
0.022796001
0.019517016
0.019913917
0.019484911
0.01980512
0.020670373
0.020667104
0.020905217
0.021327723
0.017748957
0.017812248
0.017513297
0.01769243
0.018807199
0.018695625
0.018808132
0.018979762
0.018171806
0.0181654
0.018147483
0.018335504
0.019282289
0.019298257
0.019608546
0.019656138
0.017352875
0.017374676
0.017594665
0.017551463
0.018441375
0.018408217
0.01872583
0.018964814
0.017442746
0.017910764
0.017729873
0.01815776
0.018536603
0.018939998
0.01861045
0.019014884
0.02899281
0.02944009
0.02865238
0.02919053
0.03012289
0.030492969
0.030993674
0.03126219
0.026963234
0.027036827
0.02719092
0.02728029
0.028475408
0.028740251
0.029271698
0.029367687
0.038140003
0.03806897
0.038055927
0.037984714
0.039888892
0.039950427
0.040737607
0.04048022
0.022384316
0.023171887
0.022608638
0.022588762
0.023844471
0.023822328
0.024149863
0.024298051
