1.4802551636330146
0.9465349887889003
1.5423384916490783
1.348095710635988
1.6921074511671312
1.1661358746288535
1.9247888707682055
1.2854525735008484
2.798137516812166
2.0841547353567056
1.9186968101635042
1.8374245077414084
4.098902291682736
1.6604418691512435
2.363255683979612
1.780498664349469
1.1407574154832254
1.7969613185135134
1.8462057767964226
0.9711647854374477
1.6087652404373818
1.7847005019820175
2.2396819067805973
1.9284302961916078
2.5913075672533896
0.9391249703474389
1.9110572363905254
1.1934979923488775
1.6520659055038864
0.8990896337023311
1.6121179628002165
1.2137883447396227
2.034102056186713
1.5412113950827355
1.944676570190257
1.3251341261411622
1.7956111998992161
1.9747976713486044
0.846512584057289
1.263203531264959
0.9776174274825997
1.3699471035114303
1.666491099003943
1.3190628790778929
2.1159505875678626
1.4639196746203735
1.1487386734900333
1.2424688030829363
1.3716992252308702
1.566140248560391
1.6094091975639246
1.260385549536632
1.0598003499872055
0.8585705806902484
1.2753510063397495
0.6585920363745994
1.512346403860725
1.0245083440227565
1.4874011351641858
0.6356115439617107
0.7838428820088174
0.9893243114331964
0.9918059006143488
0.7505204238282757
2.1531221091268993
1.7276950623363396
2.2698893191137417
1.873012635145074
1.6483216923110802
2.483321459026013
1.5981157773559187
2.4024871281866194
1.5665341258806902
2.0918903898540346
1.3088100809214127
1.781954257821758
1.1744930122637616
2.4905059261861062
1.0133486546477657
1.986989786409293
1.6649688696271239
2.2582011012678294
1.2646698766608298
1.2810003990706758
0.9093807090349385
1.996399439250614
1.20465701032993
1.8151459605277027
1.1228254008853864
1.0710661748307022
1.2538994311206695
0.7855254553061006
0.8823339982878037
0.8506687588042185
0.7310260927618606
0.892203129594191
1.2033194963144807
1.5962322239254323
1.0383508203824925
1.6812885587803272
0.6247789837066406
2.1353872272187218
0.7822694148331694
2.0491319387254014
1.2008436934628948
1.5008719826852586
1.0527636253351036
1.2045788205935146
0.9287426301658059
1.9482660222055723
0.8354180459830121
1.4842468733205467
3.149156439311211
1.2057123295913197
2.0306428890083357
0.7481185310948617
1.6624122082529615
1.070416908602659
1.6498500937694784
0.995734097837306
0.9266723238160306
1.3912856209681235
1.069459121081875
1.7055992986079327
0.9622716636274826
1.4873634923730226
0.7957911658206297
1.146992980491634
0.596745829603012
1.0703108943082515
0.5320093125360112
1.0326244753155343
0.648965219260102
1.096546514742356
0.47963380879327044
0.8772694094669365
3.708289165111025
1.6170385991960423
3.1259037222696375
1.188527887876889
3.030722827253037
1.8197586688666487
2.312975065738657
1.488240107148542
2.93757642332631
1.4742587720162375
3.0680625877194334
1.1652371966842607
1.7817592326516665
2.0044516695813064
0.8364991754048299
1.5184131934886353
1.330915203351371
1.1842461620700215
1.0874876276120815
1.0731379773957594
1.534557679681455
1.3358967722371924
1.250136204964576
0.9080169158851397
2.6123658786769126
1.5402320875792468
1.9289877491144323
1.8425941664255299
2.2735785103131243
1.6710710373193818
1.473951568934379
1.3784992178998827
2.4266402753060152
1.2563497381560205
1.5782501981233805
2.929049712410069
1.4008674326327424
2.2569014195045716
1.2891594179297285
2.155949074199641
0.9697880837843709
0.7773337665405706
1.167241493937936
0.4779019178155255
0.7831463692950955
0.40322143156320167
0.9323516094946158
0.6422643599459096
4.0999714155820435
3.7436978698777623
2.4371853405220136
2.9263622570093295
4.091310008667348
1.9343250868001007
1.617299160012339
4.984859333382097
6.243495626686156
7.963994470257269
4.325744195008424
6.2502069426363605
5.404317158818007
5.768003212692289
4.511154091842198
5.1360859199410145
3.8414736095460853
3.3280966092529853
3.466414078034763
3.9305726622300403
3.5160527792724445
6.592439211399634
2.839861124465576
3.493219970257233
37.0465806998228
29.74360632209912
16.43545329837144
22.207521764132863
21.988424287287557
29.569003792286317
14.95545497627451
21.29460050931342
17.48367454440166
26.570038745648723
21.802649075865855
25.43327649868965
10.054898319595864
29.80817436278668
9.638850680200594
17.878351738790695
3.1426450380996505
3.0917432168543693
2.8064916234040824
3.6927832710119204
2.9477531058994693
4.302242457406003
1.7452292826434004
2.1622013997989384
5.5979100498664875
7.443504741727752
5.291573156195578
4.343259203265285
4.967405354076261
2.533657036997951
2.324593202832295
3.7207524918577346
2.2270053636375144
2.63343417238407
2.7043483551426797
1.718676968049119
0.829249866371311
2.0619511861903135
1.4275795851355604
1.3294902107331794
5.941143632418742
4.769243295726545
3.353823138154998
1.7474084270302521
1.153833192669691
3.9491170553750274
1.4387083335771422
5.136300298354665
1.9617627150614534
1.2738114339374438
1.1325598570552262
1.1294425283754213
1.2503067819172262
1.6979043146905366
1.2224997141509895
2.210954652516659
4.660427426371972
2.6524760757064847
4.0801669973149695
2.454886737550435
3.0639769134818877
7.362749278748173
2.4268719096551647
3.6610701508531256
3.319175718541851
2.1822418468686835
7.388441061657243
3.155160974670899
4.158844801177164
1.478184982645105
3.3114320417115275
2.8857407259940047
4.215028905042638
2.8045899319921066
3.293401409584327
4.746919377441801
1.4059549405454963
3.4915241251279863
1.3216481408642686
1.9221954383576763
5.20030446571064
7.222544904665112
5.786577967076955
9.841181220430752
4.398446248462059
6.215045075306733
4.0905650402220415
7.588604937384606
2.0909633577505478
4.074155669522167
1.89359928405781
3.349743999737056
4.095444765126928
3.8672445215831304
1.6551426404658836
2.453019199291598
1.306721697624499
1.6806928703994182
1.507268083366443
1.8922154657933086
1.7616951530359315
1.294207953393225
0.5211028805536211
1.3338906436531204
3.2495852319067664
1.7546999005917536
3.123076311399666
2.050094192026508
3.6427963674236703
2.308991520011165
1.1312893204804297
1.3167510646939973
1.0118309013609659
5.325670128896377
0.9804771404234036
3.8978303877141487
0.822981338225607
2.1613645228794733
1.0466828753889574
3.047288314734988
2.121700960659296
1.5104996136481255
1.3563747767305654
1.864596516533815
1.0134157895976346
1.3296361674532757
1.0902471645011689
1.142196784541777
4.19658370195394
2.9545023941901656
5.270354215530993
2.1887007441957804
2.4818100827932073
1.7520021345483718
1.5116737992934497
2.0195107131410666
5.903646364337744
1.4917564113670718
2.358026250885048
2.2697005792512748
4.681496068180838
2.496763678619223
2.4590796652296314
2.382731689916267
1.7762359968349657
1.6882924143813716
1.709035357118033
1.9248229928077927
2.0121822928506172
1.3330705054596932
1.494799567200884
1.1832459314605304
2.5137091031493903
2.347380073612846
3.5826279808522883
2.012613370585323
1.7375985180474993
1.7304065863743041
2.0557841798961314
1.218735599130445
2.603145235930182
1.5771690665207452
1.5700245482179025
1.527171963541393
1.8100959946077453
1.6126817925150745
1.8463360427469255
1.011345065635522
1.7540506306027224
0.9788243880227642
0.8893557864373771
0.7003457797125272
1.5162119311968194
0.7685977857675842
1.041075802500498
0.914671981636404
1.1266489357122256
3.8108935273862405
1.1947476136812112
3.7621556462934116
1.566730281311843
2.730764369515667
1.2265821243153283
2.3438394771204445
4.3345917359920385
4.180063550724632
2.152618889535246
5.115113562584385
2.7624696232335797
4.552361264049795
1.8616833562373367
3.0014825555664517
1.584555542859364
1.6761047433546143
1.0182075703222084
1.9837592762803387
1.4081014168826465
2.451114636937822
1.3568871857437241
2.492455103315248
1.836049244892124
1.8860332202454977
2.350240236500518
1.6197726652501823
2.0266776748956365
1.3055883913777981
1.230711361650266
1.2548891044584667
2.2232975560038484
2.0692465660262718
1.2904068318812514
2.146241444577677
1.5945386254423464
1.8096306729749347
2.068306677567967
1.9428916564441105
2.3724241432094733
2.0907798717990067
2.252773578618387
1.7415011586020945
3.3018460156756264
2.3825334995142997
1.9391840106325702
2.3294471873276668
1.7256733258925052
1.2141728886792316
1.7271698143738723
1.5925518252972661
1.4774654763763113
2.087642747376959
0.8353076094750842
0.7134750749684899
2.7989950355471875
1.1110508105072072
3.2133875828598635
1.4732963629276083
1.1672465995963157
1.6001993747415537
1.2297765342337403
1.3206258661080699
1.0495633420083947
0.8017424646296221
1.1262082538016633
1.215644724889834
0.6155801208776703
1.0801899601376506
0.9555894607701114
1.2937997012678113
3.632043691715211
3.5309792272742775
1.8429870537968982
3.1862545676958103
1.491137367130937
2.483632967791266
0.9321743567493259
2.8504755077032424
1.054882269726119
2.3898697293097646
1.141183034664053
1.551497028575228
1.1293313234690587
2.375913322251543
0.6785707207879378
1.7795108462442957
1.1639069426076232
1.6379206746867427
0.9217193348289032
2.117680284821973
1.0291163364575167
1.4928087977193751
0.995226756292238
1.3558698736298926
1.5243189548915799
1.6456730837291995
0.9278476105393025
2.040744732342679
1.0572741658844174
2.4303121794970473
0.701311472112632
1.7695197558368208
1.3914549414144894
1.0057125242641114
1.5218936567685064
1.3126312299802414
1.217354466057262
1.2999968679314198
1.2171475662066866
0.9009081280794191
1.1857249369476186
0.9680773504373914
1.2871283599971797
1.9067314975008405
0.8855033618720267
0.9659301338292889
1.1222395315820914
1.2959893008129844
1.0609642552396366
2.1273251719559183
1.2894146194799634
1.1554322306062828
1.15483194730793
2.0010211176841306
1.2468930425778717
1.3302119720240788
4.009358527606682
1.5374855495909627
2.1108974659866
2.1629808638497194
1.1921827929964577
2.3359131321262945
1.311565531931236
1.3442386289278194
2.4934663763598914
1.402504918631581
2.110414083771426
1.6738913023665636
1.2868238251169037
1.6951229744375058
1.615336389730622
0.9647709412286819
1.7209204731971421
1.5962082775073794
1.5876883053673456
1.697673481827611
0.9681761778350761
1.9717055338726195
0.9382405990453216
1.7014498428448022
0.6100477455478075
0.847641401300676
0.6501543918838067
0.9878337327807114
0.7959184605229638
0.7215098716200624
0.8190004978813523
0.5678598541114138
2.0930970958976864
1.9038682163442933
1.0990393696637542
2.5524178064967322
1.2112258065226353
2.054696765059007
1.6186347179651484
1.6541477372959705
1.0715606252071948
1.7605103457216777
0.8699187504052062
1.442339466612449
0.39153729000206056
0.838228744468811
0.3905841621619897
0.9971752758916397
2.3397661392002798
2.638577123462139
1.303079970165098
1.7936762009598861
1.0222936521780117
2.485277180129216
1.3386883948098487
1.9925518085213831
