0.7883496344123062
5.986173666444583
1.1411517210396382
3.106999390341347
0.7571983056991539
2.2065038866207636
1.070665860166509
2.302462143430822
1.0106299750118646
1.6598837168676674
0.965736327148241
1.5537067407611829
0.3756980138645025
1.1993863911098903
0.5882180815306004
1.2114186364006871
4.014949480742061
2.5519900237193673
5.086735197880106
1.7096331525353392
2.506056867225337
1.850743408526754
2.265105746963466
2.328276187247182
4.384996046328565
1.5613818052495296
2.5832994507159235
1.4965257614673089
3.8909375244302824
2.39699564045657
2.1425618354560547
2.5430717889221466
1.8894273418293857
1.4460446017441595
2.052622019930411
1.2733305478308306
2.375369641599688
1.1855832590741437
1.4637417859846624
1.126271702784865
1.9876076336363102
1.586201321378982
3.3789989199860364
1.6649641443870942
1.0821490213949905
1.6814471110090508
1.6436334105429145
1.2431293970000574
3.0894159729063095
1.3142985756120251
1.4917357957647588
1.3006326782063753
1.1260375854111455
1.6614887527220958
1.4779546912411408
1.240317729562182
1.5310995015805335
0.6597359198823138
0.8017675470229587
0.6580320445669463
1.3380566125399018
0.712349104496282
0.920373241509618
0.4974380135911507
1.289190055389339
1.580830887988372
0.9207932856619039
1.3555003465813866
1.6727401318846824
1.0830800079268694
1.4977421281516825
0.9603295284593959
2.289180364512627
2.934791310763587
2.021436192088851
2.77943553659218
2.162534988116024
3.715312049866615
1.493582932489537
2.3773046062272414
0.9801865719204654
1.577978890682977
1.1503332831134379
2.081082607561927
1.5947573976895946
2.343077110244681
1.6858362731577534
1.871748900845974
1.7055389550926563
1.8646379076769914
1.2284620261105097
2.0115712019507592
1.4449984036888943
1.3410033286651206
1.1491606711342948
1.4578810197385972
2.3625825416601476
1.0354233048905455
1.841338023966058
1.24895631155858
1.3859050063347773
1.6181216463483161
1.9326469306424867
1.4006487075273308
1.654521720531532
1.679909670563394
1.4582052125936038
2.1947766546081215
1.6199984843015058
1.7975298867157163
1.182547056659663
1.4285150422164976
2.100340884676323
2.1008304669356828
1.3233604970615327
2.2037463289270516
2.2533869963440294
2.067686962695754
1.5654659245829723
1.9558305255332133
0.9073607097592769
0.8339517103536607
0.85265777744162
0.700482942291728
0.4774884506393819
0.47659747961237403
0.7379429552667451
0.6802197142537473
3.1666570220476085
4.631953183605685
2.0346197656855236
4.468204726115282
3.6626394455247824
2.9368979455342603
1.4875460279255115
5.30442303302184
4.780726246453672
10.040419432394515
3.854780186001845
6.590340153259328
3.4558685622488667
6.5356276120973344
2.7239593858495277
5.980395632707844
2.861946244586518
2.394801447704292
3.103619100518377
2.8842385504563093
2.191397358029805
4.493677330130577
1.5531653592359425
3.1410187964677947
20.869242813462616
28.861490382636436
9.195812406228342
26.01242094985001
13.958539040270395
33.649781068307234
10.841461606421046
28.260093719391186
14.36018633900903
23.54922058111226
21.174979940986592
23.915855943465246
7.718974390912808
26.24359001598803
9.06829870417695
18.301850695791828
1.7984267333609014
4.883115906686083
4.126516641591678
3.4347751547813727
2.305585350141637
3.095412933510933
1.2732820820426576
2.1643643616541977
5.1425180264335255
10.48380379763291
6.057906907044386
5.121371135063352
4.508240319113569
2.609660775586589
2.0928958713263426
3.364121429056105
1.7859082355383098
1.781284616871303
2.2976993140574966
1.877840962186391
1.004814776853472
1.5460825035318193
1.247974327846756
1.207638017103283
4.297236751631173
5.193199177500126
1.7667909957516517
1.7883862361056333
1.8585497370604311
4.019550927210996
1.4327066467859768
3.569446279769277
1.712657401826397
1.239444659115565
1.235415246542031
1.1102441067036093
1.2872580814767838
1.3190958516376723
1.2781467844926258
1.851013636292428
3.7650162443822826
2.1672963156605123
3.543277540734258
3.1057391158943988
2.2577042076675538
6.50672082375352
1.8703193972269265
3.6399067366012825
2.695337021008476
3.0319322150312913
5.386733233204216
3.1248395173827617
2.822705055921107
1.7376345784501463
3.3836030812113878
3.7255443849746133
4.132853226127076
1.9997214694740357
4.1274997493057635
4.149289932659728
1.2776244690100933
2.7021397910389666
0.6999620002596645
1.661059086954661
4.127723124903433
6.79481200007043
6.4834149349963885
7.561771886675283
5.113122793998952
6.2768509911362536
5.130349325441474
6.226868151866894
1.6375050494250294
3.089514270749517
1.3301109195337337
3.5166939883330475
2.0875099949438463
3.4540080554651063
1.4581093462179675
3.571671232572105
1.2852063433363106
1.5287665984948111
1.225679289346953
1.0716540952094527
1.1690108072572072
0.9000141759577089
0.49872195210404224
1.010868294145652
1.668010448669452
1.8254389769799921
1.7076253590142412
2.2955227514080923
1.716275094801664
2.4723730621553335
0.9215358640459654
1.0918556205775696
1.3408246303114275
0.9328793087892592
1.405008960424927
0.9612323228375923
1.4846674438009537
0.9897417820774778
1.929666652656895
0.7354180280290757
2.3422699221431555
2.235014117186428
1.3735547969170145
1.6991817544340884
2.30253855772129
2.3376054411033658
1.6020871955364766
1.6795999971284914
1.1745698756652854
1.2305400988768906
1.704327029577395
1.1572405089805367
1.3522617663237577
1.0188692039644236
1.8483134131772405
0.9542773606998809
1.2782237862207864
1.1232522831187848
1.9109185064363938
0.8224133152306323
1.9121208122066782
0.7238575124591325
1.72321019030618
0.5836931845724487
2.5924691524027463
0.9281386287358706
2.100953228885369
1.3095310970986942
1.9745452070100424
1.319260688941272
1.256081459214475
0.8586148132657081
0.8748038982990878
1.5601167445985025
1.4728361687121057
1.617106834584605
2.1959103026358964
1.7175233906402445
1.1281917393523364
0.9000036740389303
1.4380740103040757
1.2092150863012086
1.0846959099437377
0.9022260872315614
0.9244807775243726
0.8417172871351876
1.0070499392424277
0.8893479918495883
1.4682258717776664
0.8375272734027595
1.3965849109731376
1.214933309578311
0.9879260542782973
0.8631092256019999
0.8671980477782801
0.6545814841314599
1.7844039627239408
1.4780463757696096
1.8407004459581002
2.2659355979047016
1.8702142446222385
1.7132047921114641
2.0148508114245147
1.4798609345628142
1.0024406444521365
2.0895048148244655
0.7768649182460967
1.6753787090449426
1.1593607591699033
1.85249523419964
0.8914074697900723
1.1752667009129487
1.518939894839586
2.272592156952807
1.0201814180371556
1.1963283228712096
1.0182679324716541
1.6737969558021877
1.5229040058874732
1.5900504234175827
1.1716289362358483
0.9610693505029437
1.1201685412527835
0.9966266317848109
0.5403557084745461
0.9683149889183646
0.4301519106802252
0.8331986519764711
0.715183064984277
1.6890920207766378
0.9583471240152038
1.5840937136752156
1.339564586994296
1.6960968133361702
1.2060401014238336
1.6356320148236234
1.4485303723567724
1.857549051869516
1.4135711300181546
1.7431682964344146
1.1974955337533637
1.6626166181410458
1.0781545725500967
1.2145087176848217
1.5234406549347768
1.4954395060766745
1.525868545195214
1.039330220760868
1.3223758790507052
1.1210536696195428
1.9679821125115753
0.8913006458284751
1.3114349406661843
1.1196785668284877
0.9757917719270812
0.6523633612286915
1.0607559969050422
0.9925602640686656
1.170861296208604
0.8960270007076488
0.5009012751515812
1.2904368156584787
0.6535568470183417
0.6934161521902342
0.6895273277339153
0.9452523586594619
0.5835611133579726
0.6615747869182989
1.98874113715826
1.1438645057986356
2.10609897174509
1.1492206148802824
2.3654826331039986
1.1163666542403905
2.6416116718662095
1.002100890084937
1.4126873019253912
1.7861783199157006
1.4873865050949866
1.5944912115140988
0.9488225970219006
1.7174107651248258
0.9585603018558957
1.593225656461346
1.759257816246038
0.6044848151131308
1.479592537394078
0.691100701074322
1.7091836974256278
0.9397961949514744
1.7250679626723022
0.6215008975449303
3.0271568798200947
1.859671712299954
2.6195911147839093
1.6372151100319208
3.136641215732363
2.5269091687165752
2.291312437982945
1.921667082912003
1.73579754788644
1.1154643002868325
1.6175424642446565
1.0299487156204392
0.9614385596936744
1.3882086705193633
0.7815544621206579
0.6779896525381168
2.6310333334911697
1.0215198642117502
2.2892056845808275
1.0728246520500448
1.3419040301494944
1.1338219502354416
1.4426942725884542
0.971173651893589
1.1425467740043573
0.6752894754401341
1.0899958192956432
0.5363931721983258
0.9056665878601973
0.6603267454910551
1.237045133092527
0.7113483935101335
2.931890360254768
4.1202080670748105
1.6774063440991924
2.314318094762889
1.0095276880071884
1.5763264680995415
0.8403436635186322
1.6172487119023404
1.429374874599875
1.7861502436918808
1.2423041221684836
1.6085316110296177
0.9234171388326462
2.502019091732115
0.8370556861924673
1.7793086757275396
1.9502566976029858
1.266774369382241
0.9417995930347556
1.3792709095299944
0.9408423944275357
1.406328281298355
1.1649991160943804
0.727158827454676
1.2338169586266818
1.4067666612706513
1.1333841223257732
1.2541533772990556
1.005147637638746
1.8318886474283165
0.6225799381656838
1.1412476436702694
1.6610256688798457
1.5331977002099682
1.925827282726892
1.8238885678505494
1.249579099051892
1.5458543108304523
1.448092024601306
0.9729041433633313
1.2268792377092246
0.8577211957278685
1.730134216772106
1.5158614227943383
0.9401420247992865
0.677837616609382
1.135131361252588
0.7605686341665956
1.3014606215895865
1.2776757842594202
0.9695371794683041
1.2203521285157921
1.040165278152178
1.4372215046536652
1.2775480744247123
1.1587740275980827
4.45130577610002
1.6482318687112791
2.8867429886235567
1.5105046227740715
2.033014469899031
2.542987203241421
1.0272790317965401
1.5882466509083129
2.0821418462761274
2.3445726763137125
2.3142788254098203
1.7991797707764567
1.7061071546145612
1.2236870374764153
1.3198329156421695
1.50887341950571
1.3958022134531463
1.1838985116368064
0.7746202476255457
1.1383681831162826
0.6272419452846716
1.072325839878026
1.099686202809623
1.0747167465814922
0.7156398517376393
1.198082909888178
1.180761955140824
0.695957184134287
0.683952860925974
0.8271996369109871
0.736123280548028
0.5740821494906433
2.822920756042848
1.7379260786073207
1.7932964399887013
1.6620321979622297
1.1563577496144612
2.211222188481168
1.129379342114271
1.7891573119702273
1.3773239598592006
0.7822457989665238
1.0108509609462377
1.266715001065194
0.5315284459170384
0.5558218059814644
0.7040819798299592
0.40716748777940204
2.354583469946082
1.4659328553306015
1.3316942109448453
1.5824561531426735
0.8901043450892496
1.9912268529821424
1.2878171341079216
1.3127669545903429
