0.033812042
0.097943835
0.043689635
0.07962386
0.047048055
0.07986843
0.054903403
0.087244585
0.052784346
0.037066292
0.033313952
0.0419441
0.025067432
0.03997713
0.023047663
0.03550098
0.03638815
0.04352961
0.027651824
0.035284057
0.03561034
0.040387537
0.038150627
0.039819468
0.047692116
0.028305523
0.024711912
0.01794517
0.026004255
0.026278032
0.019745694
0.01840397
0.0337137
0.06997225
0.0320624
0.056582693
0.043499254
0.05743976
0.050249252
0.060384624
0.040906984
0.029697122
0.021659125
0.027104389
0.03284803
0.040325433
0.028295817
0.025981952
0.031889267
0.029232634
0.020420283
0.032382756
0.03191798
0.044448998
0.03419729
0.029828506
0.028900381
0.0271453
0.015817445
0.023144297
0.023679858
0.030432994
0.019089414
0.023985045
0.048515715
0.04420668
0.048986964
0.04772266
0.059970003
0.05003959
0.06571033
0.04536691
0.025333773
0.027503641
0.01651228
0.028771732
0.033796664
0.052229714
0.03083829
0.029144723
0.04258683
0.04946434
0.06398768
0.04555343
0.082815215
0.054559708
0.092019804
0.04777751
0.039686397
0.036963455
0.028211249
0.040532358
0.033474028
0.049984615
0.03396847
0.03822254
0.033979967
0.027708752
0.020696865
0.023343462
0.02649766
0.04199391
0.0226706
0.02401996
0.038094163
0.038159445
0.03536691
0.025658792
0.03947431
0.038815804
0.04812773
0.04004893
0.06019051
0.03807379
0.066657916
0.030476073
0.08828457
0.03994767
0.0952897
0.04898257
0.027999407
0.027592923
0.022580111
0.027227737
0.019845478
0.024218043
0.018861845
0.025785165
0.039800163
0.039807152
0.03419325
0.054796513
0.038476303
0.06301889
0.044313814
0.07021444
0.10871703
0.046010174
0.061797455
0.080807604
0.040539708
0.093064204
0.03299282
0.085172474
0.08614683
0.042955227
0.052414816
0.057402786
0.03765705
0.061577387
0.029499754
0.063683845
0.18951161
0.16087806
0.108462736
0.14520046
0.13993463
0.21167035
0.13067517
0.17731865
0.12760425
0.09473641
0.066071436
0.08891
0.063448355
0.10624716
0.056711186
0.09407201
0.026601797
0.04177653
0.019364865
0.046509143
0.035548385
0.04520008
0.03705202
0.04808014
0.09192127
0.031948388
0.038338084
0.06278483
0.027348762
0.0737433
0.018629918
0.066274405
0.048310302
0.02872811
0.031155469
0.046258904
0.024016397
0.049807325
0.029793562
0.04945143
0.07281253
0.02778088
0.023914797
0.057675812
0.02752592
0.048408426
0.02260816
0.044468954
0.020929959
0.0706777
0.02828681
0.04834728
0.04476649
0.038123295
0.05600674
0.041502614
0.06942142
0.028727284
0.029724773
0.05578244
0.028275106
0.050426394
0.02343234
0.047532864
0.034442566
0.048784383
0.032603256
0.042035814
0.039398894
0.042178784
0.04481293
0.041494265
0.05882977
0.03690272
0.028906586
0.034593992
0.025926761
0.027881872
0.022099892
0.028925385
0.031283263
0.09954183
0.056679953
0.07272335
0.06353069
0.06828507
0.07203488
0.07391483
0.055541776
0.045110684
0.027914334
0.05069992
0.029679991
0.0455927
0.029487554
0.043674268
0.028147457
0.052544978
0.04230383
0.040585972
0.040347703
0.042131502
0.049654514
0.044482976
0.061503403
0.037017632
0.025143517
0.038553607
0.031709816
0.042923607
0.021952147
0.037930213
0.027548436
0.035837844
0.038593423
0.042291958
0.055971004
0.03758543
0.058992118
0.03551101
0.02723238
0.032654744
0.014342004
0.030116793
0.033490606
0.03748376
0.035992384
0.02854209
0.031897362
0.03663146
0.028476516
0.03759655
0.032182798
0.037458055
0.03986288
0.034610122
0.022047527
0.03888722
0.022218
0.041939184
0.048167747
0.039159585
0.047216598
0.038927313
0.052173015
0.030158017
0.028426135
0.027971696
0.02078058
0.036268085
0.023160513
0.011710489
0.020831367
0.030108673
0.015328151
0.03126674
0.036977157
0.024985043
0.037783135
0.026029527
0.043004382
0.027941262
0.02639283
0.031114727
0.032808587
0.026461331
0.03606803
0.029310152
0.050108217
0.035830837
0.03668646
0.030842027
0.027832847
0.033631176
0.024914011
0.033646062
0.01864324
0.036968376
0.023319716
0.032929152
0.06089284
0.035033375
0.06060907
0.03786647
0.029169384
0.039435662
0.020429147
0.027816337
0.037420657
0.031820737
0.035980012
0.030217692
0.035349246
0.036307376
0.037566744
0.031517964
0.05387673
0.037901934
0.056743357
0.043048467
0.037682988
0.02774669
0.032978136
0.020440534
0.029425565
0.027657675
0.027049372
0.023774842
0.026413353
0.048559792
0.02318983
0.028703084
0.05414338
0.043900914
0.056998856
0.042585615
0.023828493
0.029745638
0.021555973
0.022530004
0.04648441
0.030717254
0.048296675
0.027756538
0.025454206
0.06085821
0.02883476
0.036609106
0.05209885
0.061932858
0.056861732
0.06299357
0.014575049
0.015276132
0.02105985
0.014212826
0.037574552
0.022307055
0.04274344
0.018217817
0.034931622
0.043238398
0.025002077
0.025749678
0.047711294
0.040331975
0.055901814
0.04149285
0.03577429
0.030328436
0.050684344
0.026257325
0.07408156
0.038985882
0.08363475
0.042472962
0.03036024
0.05376921
0.026045492
0.031484157
0.037938863
0.05252481
0.03708092
0.04974766
0.06025021
0.018187393
0.06010575
0.019874902
0.07980318
0.03107563
0.0813868
0.03571719
0.10813017
0.07774799
0.051557012
0.09531442
0.069928125
0.09437083
0.062413193
0.069720015
0.06638678
0.033583958
0.025393834
0.05206663
0.029747935
0.050447147
0.030327408
0.03950059
0.065849155
0.02394061
0.024451809
0.03332454
0.027933719
0.036533196
0.030409874
0.028020246
0.054818146
0.020383164
0.017659346
0.020404108
0.019431133
0.020167166
0.023242839
0.02031098
0.07613146
0.04301064
0.029883347
0.052491274
0.036825787
0.0506963
0.032765772
0.04076809
0.05780156
0.028905867
0.022625899
0.036832098
0.027163658
0.03736438
0.025234906
0.030047443
0.0515009
0.026495429
0.022122737
0.022879574
0.022424249
0.023714628
0.022571899
0.023190567
0.055679988
0.029964782
0.040163945
0.02419856
0.029602014
0.029540181
0.032963324
0.022857143
0.048134785
0.02369975
0.03833499
0.019643774
0.034807567
0.031999376
0.039027914
0.02750486
0.05010399
0.018942613
0.045194767
0.018569702
0.04967653
0.034439363
0.054822315
0.03730241
0.058310542
0.031875324
0.056249384
0.0346155
0.06510883
0.05604494
0.06717756
0.05734889
0.06500776
0.029087158
0.052113168
0.025777293
0.037187394
0.03246398
0.046078753
0.028801238
0.058080204
0.024862863
0.04948119
0.023631353
0.04408488
0.0332416
0.053882726
0.03423569
0.058522258
0.037340123
0.053471707
0.036700517
0.055361357
0.06036405
0.06480282
0.060274422
0.044974484
0.024055231
0.02123595
0.021355359
0.023359055
0.026846977
0.022769656
0.020014396
0.053685404
0.023104997
0.021805972
0.01907915
0.024390962
0.024228672
0.024895111
0.021887653
0.060374375
0.018723354
0.022465087
0.018664798
0.020109616
0.02099693
0.023691004
0.02026966
0.059140302
0.031064007
0.0471045
0.028961003
0.0332631
0.032409042
0.03732135
0.028220821
